-3.141592653589793	64.99999999795352
-3.141592653589793	-57.63842471408205
-3.141592653589793	-50.81523625285751
-3.141592653589793	50.000000000000085
-3.141592653589793	48.9800853166089
-3.141592653589793	48.98008531660888
-3.141592653589793	45.989362058814585
-3.141592653589793	45.98936205881456
-3.141592653589793	-44.36977127740165
-3.141592653589793	-44.36977127740163
-3.141592653589793	41.122550703365924
-3.141592653589793	41.12255070336588
-3.141592653589793	-40.288222655477995
-3.141592653589793	35.420441097382366
-3.141592653589793	35.42044109738233
-3.141592653589793	-32.575766446046885
-3.141592653589793	-32.57576644604686
-3.141592653589793	30.463587671023404
-3.141592653589793	30.463587671023365
-3.141592653589793	-27.23453113203618
-3.141592653589793	26.776482405751256
-3.141592653589793	26.776482405751207
-3.141592653589793	26.63083107762382
-3.141592653589793	26.63083107762378
-3.141592653589793	24.165893445028427
-3.141592653589793	24.16589344502842
-3.141592653589793	23.34572849596475
-3.141592653589793	-22.087855504410523
-3.141592653589793	-22.087855504410463
-3.141592653589793	21.564814363394813
-3.141592653589793	21.564814363394753
-3.141592653589793	21.508203229611965
-3.141592653589793	21.508203229611937
-3.141592653589793	21.317113260399463
-3.141592653589793	21.31711326039939
-3.141592653589793	-18.989729880842237
-3.141592653589793	-18.989729880842216
-3.141592653589793	18.80906191192382
-3.141592653589793	16.54668634333666
-3.141592653589793	16.546686343336624
-3.141592653589793	14.604439231961804
-3.141592653589793	14.604439231961795
-3.141592653589793	13.32409027574428
-3.141592653589793	13.324090275744254
-3.141592653589793	-13.134398921814814
-3.141592653589793	11.589324330092836
-3.141592653589793	-8.758279942808569
-3.141592653589793	-8.75827994280855
-3.141592653589793	-8.57321514969869
-3.141592653589793	7.228029457878987
-3.141592653589793	7.228029457878986
-3.141592653589793	-5.170075510306685
-3.141592653589793	-5.170075510306671
-3.141592653589793	4.007724866575545
-3.141592653589793	4.007724866575536
-3.141592653589793	2.301143757314636
-3.141592653589793	2.3011437573146005
-3.141592653589793	0.3666989403333719
-2.827433388230814	65.12235871203737
-2.827433388230814	-54.2841446858582
-2.827433388230814	50.364386143711066
-2.827433388230814	49.985300414392576
-2.827433388230814	-49.707028860692326
-2.827433388230814	48.64447860539169
-2.827433388230814	47.325612577388036
-2.827433388230814	-45.5910160317939
-2.827433388230814	45.100628024202
-2.827433388230814	42.31504132095517
-2.827433388230814	40.05764646643677
-2.827433388230814	-39.1866773749699
-2.827433388230814	-37.815268993023274
-2.827433388230814	36.73190555364042
-2.827433388230814	34.13724829397098
-2.827433388230814	-33.775863504110205
-2.827433388230814	33.251781168019924
-2.827433388230814	31.63470300756446
-2.827433388230814	-29.302168731977943
-2.827433388230814	28.9813357460807
-2.827433388230814	27.608699800419807
-2.827433388230814	27.367696066981775
-2.827433388230814	26.265092340019713
-2.827433388230814	-26.1413805585508
-2.827433388230814	-25.427379603498455
-2.827433388230814	25.29861145002918
-2.827433388230814	24.392051220936274
-2.827433388230814	23.25661765591782
-2.827433388230814	22.937653338920107
-2.827433388230814	20.96085141364066
-2.827433388230814	20.644786807488984
-2.827433388230814	-20.169669307670787
-2.827433388230814	19.864041647294464
-2.827433388230814	19.730016131729734
-2.827433388230814	19.534208389015944
-2.827433388230814	19.416823494182715
-2.827433388230814	18.006945406228137
-2.827433388230814	16.49290131686654
-2.827433388230814	-15.754858673470189
-2.827433388230814	15.446661708037205
-2.827433388230814	15.359399693802644
-2.827433388230814	-15.076334102531163
-2.827433388230814	12.652833698790399
-2.827433388230814	-12.052935289918116
-2.827433388230814	-12.050705056673152
-2.827433388230814	11.324084807071708
-2.827433388230814	10.412044507440378
-2.827433388230814	8.947410626825352
-2.827433388230814	8.331733395750497
-2.827433388230814	6.743778160314063
-2.827433388230814	-6.337507805260039
-2.827433388230814	6.058593295138785
-2.827433388230814	-3.7736100949779257
-2.827433388230814	-2.712746259101884
-2.827433388230814	-1.967748876429816
-2.827433388230814	1.4403786110313248
-2.827433388230814	0.7364078386917814
-2.5132741228718345	65.47745752514857
-2.5132741228718345	-53.30170695553015
-2.5132741228718345	51.52894172876498
-2.5132741228718345	51.42012873058739
-2.5132741228718345	-49.15835538016676
-2.5132741228718345	49.032381313909355
-2.5132741228718345	48.80721540272056
-2.5132741228718345	44.8376205089061
-2.5132741228718345	-44.60260524875956
-2.5132741228718345	43.49247714180555
-2.5132741228718345	39.34523405978915
-2.5132741228718345	-39.134689271213574
-2.5132741228718345	37.775518447354344
-2.5132741228718345	-35.99452978599699
-2.5132741228718345	34.136430695046
-2.5132741228718345	33.12948497699149
-2.5132741228718345	-32.78144579380592
-2.5132741228718345	32.34692086680376
-2.5132741228718345	32.227742522102616
-2.5132741228718345	-30.702469188802596
-2.5132741228718345	27.479852686684893
-2.5132741228718345	27.428126919310255
-2.5132741228718345	-26.713605172280488
-2.5132741228718345	25.601708714958832
-2.5132741228718345	24.588645771162092
-2.5132741228718345	23.80393032053235
-2.5132741228718345	23.624532215843075
-2.5132741228718345	-22.973532729514886
-2.5132741228718345	22.92499452450153
-2.5132741228718345	21.843814321046004
-2.5132741228718345	21.74102921610978
-2.5132741228718345	-19.17305508527793
-2.5132741228718345	-18.473763846870337
-2.5132741228718345	17.611081620026937
-2.5132741228718345	16.6704594172041
-2.5132741228718345	16.289711523800737
-2.5132741228718345	15.737435536492796
-2.5132741228718345	15.54083907395487
-2.5132741228718345	15.284624018914798
-2.5132741228718345	15.037260662573715
-2.5132741228718345	14.818720903182438
-2.5132741228718345	-13.315627198013296
-2.5132741228718345	13.087206090027024
-2.5132741228718345	-10.797968410243056
-2.5132741228718345	10.373723372518853
-2.5132741228718345	10.03183895707869
-2.5132741228718345	-9.008459354255606
-2.5132741228718345	8.924990372679886
-2.5132741228718345	-8.909845539397622
-2.5132741228718345	7.025791427030157
-2.5132741228718345	-6.073736611627049
-2.5132741228718345	-5.347984829620287
-2.5132741228718345	4.9671490961681695
-2.5132741228718345	4.553157323206974
-2.5132741228718345	2.939187805941039
-2.5132741228718345	1.6818996793346699
-2.5132741228718345	-0.5255452013393906
-2.199114857512855	66.0305368450617
-2.199114857512855	-54.80863173778739
-2.199114857512855	53.40119274241794
-2.199114857512855	53.05810403258879
-2.199114857512855	50.12042407729656
-2.199114857512855	50.064982761959335
-2.199114857512855	-48.29568231521134
-2.199114857512855	45.280150382729225
-2.199114857512855	44.44680510572976
-2.199114857512855	-42.78187923638602
-2.199114857512855	-41.509579391202976
-2.199114857512855	39.195831670372144
-2.199114857512855	38.92993425647436
-2.199114857512855	38.26651691281861
-2.199114857512855	-38.25329946028651
-2.199114857512855	32.53519296229958
-2.199114857512855	32.16043492625688
-2.199114857512855	32.15518365632318
-2.199114857512855	-32.107180089049784
-2.199114857512855	30.630837938885342
-2.199114857512855	-29.695573180390976
-2.199114857512855	27.689839335766692
-2.199114857512855	26.679694465424937
-2.199114857512855	26.277717956495884
-2.199114857512855	-25.815525327567606
-2.199114857512855	-23.770204505326127
-2.199114857512855	22.53118851312305
-2.199114857512855	21.88189804401403
-2.199114857512855	21.343008838659266
-2.199114857512855	20.534976766229455
-2.199114857512855	20.137998005861085
-2.199114857512855	19.86287515539162
-2.199114857512855	-19.84140459084096
-2.199114857512855	19.249338437840045
-2.199114857512855	-18.05622275074144
-2.199114857512855	17.446432410853383
-2.199114857512855	-16.100078322040687
-2.199114857512855	-12.469430604193882
-2.199114857512855	-12.412898399156063
-2.199114857512855	12.008549090274466
-2.199114857512855	11.645187595308208
-2.199114857512855	11.473419447313818
-2.199114857512855	10.865475605553222
-2.199114857512855	10.037505974212202
-2.199114857512855	9.660600297521176
-2.199114857512855	9.38968698828156
-2.199114857512855	9.039529221412494
-2.199114857512855	8.379058781965377
-2.199114857512855	-7.429150197174301
-2.199114857512855	6.886681654191584
-2.199114857512855	-4.6010031440317505
-2.199114857512855	-4.033045740930852
-2.199114857512855	3.787724534110943
-2.199114857512855	3.584167997730546
-2.199114857512855	-2.2979210194426924
-2.199114857512855	-1.7688661976819287
-2.199114857512855	0.35776249479162203
-1.8849555921538759	66.7274573586848
-1.8849555921538759	55.28425024923383
-1.8849555921538759	55.10616930803565
-1.8849555921538759	51.81250918923366
-1.8849555921538759	50.98433569321316
-1.8849555921538759	-49.91530030719208
-1.8849555921538759	46.42151173537246
-1.8849555921538759	-45.3175207438475
-1.8849555921538759	45.28467284920742
-1.8849555921538759	44.88552261858418
-1.8849555921538759	-42.025994919317405
-1.8849555921538759	39.72126427378617
-1.8849555921538759	38.107198178300315
-1.8849555921538759	37.233865524331
-1.8849555921538759	-35.81723971843681
-1.8849555921538759	-35.26670594859489
-1.8849555921538759	33.686796851725525
-1.8849555921538759	32.4866783729908
-1.8849555921538759	-31.321641034484642
-1.8849555921538759	31.282140718912267
-1.8849555921538759	27.945920996035035
-1.8849555921538759	26.56239789339603
-1.8849555921538759	25.600059368207845
-1.8849555921538759	-25.2548438740872
-1.8849555921538759	25.25107339125208
-1.8849555921538759	-24.836869354647888
-1.8849555921538759	23.94898668254537
-1.8849555921538759	-22.824779675918112
-1.8849555921538759	20.645250000590046
-1.8849555921538759	20.391468120828776
-1.8849555921538759	20.264654773776506
-1.8849555921538759	-19.036434009625886
-1.8849555921538759	18.05661841443945
-1.8849555921538759	17.878665010574714
-1.8849555921538759	-17.785803043339037
-1.8849555921538759	15.4541094245698
-1.8849555921538759	14.796267161656523
-1.8849555921538759	-13.927671666205491
-1.8849555921538759	13.750666468786097
-1.8849555921538759	12.322100902358905
-1.8849555921538759	-11.264248231723151
-1.8849555921538759	10.42062751370279
-1.8849555921538759	-9.431113738645609
-1.8849555921538759	-8.148196046284667
-1.8849555921538759	-6.631658418783857
-1.8849555921538759	6.254808804932779
-1.8849555921538759	6.047674215597247
-1.8849555921538759	5.355085198449269
-1.8849555921538759	5.161117220675848
-1.8849555921538759	4.334545214639988
-1.8849555921538759	3.3061177979628416
-1.8849555921538759	-3.242910915551853
-1.8849555921538759	3.1607875231699722
-1.8849555921538759	2.5064063665439926
-1.8849555921538759	-2.502674460980734
-1.8849555921538759	2.074118551487686
-1.8849555921538759	0.218046057374913
-1.5707963267948966	67.50000298514578
-1.5707963267948966	57.34052402572566
-1.5707963267948966	56.653890236987536
-1.5707963267948966	53.95006193666607
-1.5707963267948966	51.42138688500215
-1.5707963267948966	48.177345716143975
-1.5707963267948966	-47.062961009003345
-1.5707963267948966	44.69494321729417
-1.5707963267948966	-43.74277390031005
-1.5707963267948966	43.68222966644453
-1.5707963267948966	40.935159516552176
-1.5707963267948966	40.31727751112979
-1.5707963267948966	-39.15423497470184
-1.5707963267948966	37.15783786104498
-1.5707963267948966	-35.15660462147012
-1.5707963267948966	33.201402695537084
-1.5707963267948966	33.08949555496051
-1.5707963267948966	-30.487694784779492
-1.5707963267948966	29.925775312719608
-1.5707963267948966	29.735859764238597
-1.5707963267948966	-29.017737674060356
-1.5707963267948966	-28.43004288255405
-1.5707963267948966	25.54726220584749
-1.5707963267948966	24.853539772368748
-1.5707963267948966	-24.561358678044492
-1.5707963267948966	23.211523750677046
-1.5707963267948966	22.108076177438107
-1.5707963267948966	20.8258528222416
-1.5707963267948966	19.446282302624766
-1.5707963267948966	-19.358821921933437
-1.5707963267948966	18.409008881221748
-1.5707963267948966	18.37676311376153
-1.5707963267948966	-18.04822466696574
-1.5707963267948966	-16.13665286273948
-1.5707963267948966	16.09104958193852
-1.5707963267948966	15.84296337735217
-1.5707963267948966	15.06204938456085
-1.5707963267948966	-13.500810950918577
-1.5707963267948966	-13.226480644194368
-1.5707963267948966	10.950946695449169
-1.5707963267948966	-9.722381377994083
-1.5707963267948966	8.574760699190461
-1.5707963267948966	8.031191677689208
-1.5707963267948966	7.156029612830878
-1.5707963267948966	-6.16519066726698
-1.5707963267948966	5.948464726488753
-1.5707963267948966	-5.166520181433533
-1.5707963267948966	-4.6687980683190275
-1.5707963267948966	4.368755125904478
-1.5707963267948966	-3.751360764181129
-1.5707963267948966	-3.13767832878514
-1.5707963267948966	-2.5769332836023024
-1.5707963267948966	2.5421166698042867
-1.5707963267948966	-1.4024924053053809
-1.5707963267948966	-0.5326551744991193
-1.5707963267948966	-0.11412456064172924
-1.5707963267948966	-0.007295079278438968
-1.2566370614359172	68.27256973584952
-1.2566370614359172	59.4927943721187
-1.2566370614359172	57.194531594346046
-1.2566370614359172	56.32730949326249
-1.2566370614359172	51.259537272236656
-1.2566370614359172	50.39768079254512
-1.2566370614359172	46.90429320380997
-1.2566370614359172	-46.59939682700937
-1.2566370614359172	43.72573164853211
-1.2566370614359172	42.76582011146934
-1.2566370614359172	-40.996769234704644
-1.2566370614359172	39.738020112853164
-1.2566370614359172	-36.956486967391314
-1.2566370614359172	36.58545963477793
-1.2566370614359172	35.5436975780177
-1.2566370614359172	-34.47401762830726
-1.2566370614359172	34.368969212557886
-1.2566370614359172	-32.37951630484722
-1.2566370614359172	30.76684465241958
-1.2566370614359172	-28.448008505550085
-1.2566370614359172	27.583227875765317
-1.2566370614359172	27.510551593074084
-1.2566370614359172	26.16942140432323
-1.2566370614359172	24.384679296373918
-1.2566370614359172	-23.73336773306915
-1.2566370614359172	-23.177922377011228
-1.2566370614359172	-21.760101880754867
-1.2566370614359172	20.78698022829839
-1.2566370614359172	19.604810886457386
-1.2566370614359172	19.219485108576208
-1.2566370614359172	-18.767412204367176
-1.2566370614359172	15.958875775595057
-1.2566370614359172	15.270574625316842
-1.2566370614359172	-15.187073459120874
-1.2566370614359172	14.803137965972255
-1.2566370614359172	14.06241965422334
-1.2566370614359172	13.78031936352322
-1.2566370614359172	13.561506585753989
-1.2566370614359172	-11.982982669697172
-1.2566370614359172	11.77957823181876
-1.2566370614359172	-11.581049428221036
-1.2566370614359172	-11.433889469651536
-1.2566370614359172	-11.285950620813821
-1.2566370614359172	-10.427342279283742
-1.2566370614359172	-9.150820148772503
-1.2566370614359172	8.623326873244636
-1.2566370614359172	-7.883396757228603
-1.2566370614359172	-6.92154965759066
-1.2566370614359172	-6.393434885709377
-1.2566370614359172	-5.323637118635716
-1.2566370614359172	4.812521635798781
-1.2566370614359172	-3.9063281073436857
-1.2566370614359172	-2.3000508759523512
-1.2566370614359172	1.3884752305928556
-1.2566370614359172	0.9312562437779436
-1.2566370614359172	-0.8925833212064234
-1.2566370614359172	0.7453038988314802
-1.2566370614359172	0.17708606181334896
-0.9424777960769379	68.96948158734864
-0.9424777960769379	61.154412403133406
-0.9424777960769379	58.711214836502094
-0.9424777960769379	57.124331681927444
-0.9424777960769379	52.88340046388595
-0.9424777960769379	52.71972554546076
-0.9424777960769379	50.33042581904496
-0.9424777960769379	45.07107261807781
-0.9424777960769379	43.25089382757963
-0.9424777960769379	42.10052248778824
-0.9424777960769379	-40.639650583093314
-0.9424777960769379	37.426712752549925
-0.9424777960769379	-36.429478682623184
-0.9424777960769379	36.2637509456013
-0.9424777960769379	-34.30480970273156
-0.9424777960769379	34.135066946930124
-0.9424777960769379	33.328655075991804
-0.9424777960769379	31.086080165756584
-0.9424777960769379	-30.323944696606354
-0.9424777960769379	-27.78156316914931
-0.9424777960769379	27.473102872930056
-0.9424777960769379	-25.76045407719384
-0.9424777960769379	25.511774589646148
-0.9424777960769379	25.04621540433817
-0.9424777960769379	-22.708521414643155
-0.9424777960769379	20.785768089723724
-0.9424777960769379	19.748072940912287
-0.9424777960769379	-19.083554737200433
-0.9424777960769379	18.202835543607023
-0.9424777960769379	18.008145939831003
-0.9424777960769379	17.75527193729465
-0.9424777960769379	-17.725483338853067
-0.9424777960769379	-17.13698569947509
-0.9424777960769379	-16.065580214179477
-0.9424777960769379	-14.723230455360667
-0.9424777960769379	14.257197920150503
-0.9424777960769379	13.65904514556344
-0.9424777960769379	-13.408917513207562
-0.9424777960769379	13.129196678275171
-0.9424777960769379	-12.409424604697186
-0.9424777960769379	12.15516876935768
-0.9424777960769379	-11.57553161059907
-0.9424777960769379	-10.274876985410495
-0.9424777960769379	-9.193525696552555
-0.9424777960769379	-8.785449564731174
-0.9424777960769379	8.105114970966248
-0.9424777960769379	-7.466404438950242
-0.9424777960769379	7.353922772271368
-0.9424777960769379	6.950384681768121
-0.9424777960769379	-6.4767541447855805
-0.9424777960769379	-5.803952953577204
-0.9424777960769379	-5.792389505390334
-0.9424777960769379	-5.409811309893335
-0.9424777960769379	4.758158029108259
-0.9424777960769379	-1.9405639336870402
-0.9424777960769379	1.7148226071236223
-0.9424777960769379	1.0720433080486913
-0.6283185307179586	69.52236347957074
-0.6283185307179586	61.59581289949531
-0.6283185307179586	60.85253257814117
-0.6283185307179586	56.29574839432291
-0.6283185307179586	55.40726752710243
-0.6283185307179586	49.19306700574547
-0.6283185307179586	48.75318131626606
-0.6283185307179586	47.656246853355064
-0.6283185307179586	44.1776012605301
-0.6283185307179586	39.87897849491988
-0.6283185307179586	38.63826425703338
-0.6283185307179586	37.83402728614758
-0.6283185307179586	-36.19253730692249
-0.6283185307179586	-34.04171611522524
-0.6283185307179586	32.208372943371465
-0.6283185307179586	30.731319157997895
-0.6283185307179586	-29.819659216033074
-0.6283185307179586	29.395540068786087
-0.6283185307179586	-27.760998376640792
-0.6283185307179586	27.48352381085514
-0.6283185307179586	-24.667148469984937
-0.6283185307179586	24.493382502776136
-0.6283185307179586	23.86548115285388
-0.6283185307179586	22.344229835197012
-0.6283185307179586	-21.85369613305875
-0.6283185307179586	-21.23556122667873
-0.6283185307179586	20.999228632011587
-0.6283185307179586	-20.119030145726313
-0.6283185307179586	19.033822662249765
-0.6283185307179586	-18.739715124883954
-0.6283185307179586	-17.756380293239697
-0.6283185307179586	-17.412640346873644
-0.6283185307179586	-15.814210131614413
-0.6283185307179586	15.714861327157017
-0.6283185307179586	-15.533267840659494
-0.6283185307179586	14.55140439206287
-0.6283185307179586	-14.381785135651828
-0.6283185307179586	13.693010601103573
-0.6283185307179586	-13.098010154502443
-0.6283185307179586	-12.257501252536311
-0.6283185307179586	-12.25607736568462
-0.6283185307179586	-12.14495728315832
-0.6283185307179586	-11.837769235236074
-0.6283185307179586	11.759131288162918
-0.6283185307179586	11.742252832464786
-0.6283185307179586	-11.521018112193083
-0.6283185307179586	11.229232685222394
-0.6283185307179586	-11.174220570976187
-0.6283185307179586	-11.170333639768101
-0.6283185307179586	10.721382556449448
-0.6283185307179586	-8.518729080093806
-0.6283185307179586	6.177637812801336
-0.6283185307179586	-5.5518761276234585
-0.6283185307179586	-4.938217794928185
-0.6283185307179586	3.514237905776951
-0.6283185307179586	-1.9541887386519363
-0.6283185307179586	1.3003028316974579
-0.6283185307179586	0.5316988104492495
-0.6283185307179586	0.1819135680494419
-0.3141592653589793	69.87759784401376
-0.3141592653589793	62.536896084178416
-0.3141592653589793	60.951971012735605
-0.3141592653589793	57.73088175840205
-0.3141592653589793	54.82482864922095
-0.3141592653589793	50.34017107662211
-0.3141592653589793	50.29602882358646
-0.3141592653589793	46.581000314864994
-0.3141592653589793	43.893548624571324
-0.3141592653589793	41.30119212827978
-0.3141592653589793	39.03762427519261
-0.3141592653589793	37.27697163234606
-0.3141592653589793	-33.824731121838646
-0.3141592653589793	31.80299860393006
-0.3141592653589793	31.31214395576751
-0.3141592653589793	30.568938703701647
-0.3141592653589793	-29.676754390490558
-0.3141592653589793	27.96635266026929
-0.3141592653589793	-27.586189409298083
-0.3141592653589793	25.765026912137074
-0.3141592653589793	-23.989115518014216
-0.3141592653589793	-23.348374537558716
-0.3141592653589793	22.889219254908134
-0.3141592653589793	-22.200961605755683
-0.3141592653589793	-21.78800299641974
-0.3141592653589793	-21.107781286610447
-0.3141592653589793	-20.805136190824157
-0.3141592653589793	20.43822653585854
-0.3141592653589793	19.724987517615194
-0.3141592653589793	-18.50231658438278
-0.3141592653589793	-17.905273487434663
-0.3141592653589793	-17.61040722722887
-0.3141592653589793	17.609742529072903
-0.3141592653589793	17.478332376856144
-0.3141592653589793	-17.22027288683233
-0.3141592653589793	-16.272226931617197
-0.3141592653589793	-15.671640469358888
-0.3141592653589793	15.644947025897032
-0.3141592653589793	-15.348643401404283
-0.3141592653589793	-14.220746906212774
-0.3141592653589793	13.570211335744965
-0.3141592653589793	-12.764687824494658
-0.3141592653589793	-12.110704193406193
-0.3141592653589793	12.069036011616156
-0.3141592653589793	11.171977329055231
-0.3141592653589793	-11.027847646811832
-0.3141592653589793	-10.66461818146864
-0.3141592653589793	10.456198650556821
-0.3141592653589793	7.852305530045562
-0.3141592653589793	-7.700083576100138
-0.3141592653589793	6.917698950031067
-0.3141592653589793	-6.126261060702621
-0.3141592653589793	-5.592007223399815
-0.3141592653589793	4.891733544055732
-0.3141592653589793	-4.495640748901948
-0.3141592653589793	3.9762801886644823
-0.3141592653589793	-3.1813796131226297
-0.3141592653589793	-0.5336576904512002
0.	70.0003432448558
0.	63.30781055753739
0.	59.65342094780271
0.	59.6534209478027
0.	55.22680004693306
0.	52.753435603003574
0.	52.7534356030035
0.	45.31385799720018
0.	44.02797038389195
0.	44.02797038389189
0.	37.46945644451552
0.	37.46945644451549
0.	34.50519499094839
0.	34.50519499094834
0.	32.66380952365976
0.	-27.40337800839894
0.	-27.403378008398928
0.	25.27626189658227
0.	25.276261896582266
0.	24.34421297487137
0.	24.344212974871283
0.	-23.95328263315475
0.	-23.953282633154743
0.	-23.29339972902952
0.	-23.29339972902952
0.	-22.1223894079593
0.	-22.122389407959293
0.	-19.422488755791548
0.	18.818635370623156
0.	-18.45957122027149
0.	-18.459571220271474
0.	-17.864806868240315
0.	-17.864806868240294
0.	-17.558433436190764
0.	-17.55843343619074
0.	17.42354086520484
0.	17.423540865204835
0.	-14.89674149009862
0.	13.678584570603249
0.	13.678584570603233
0.	-12.961161084655664
0.	11.993198832860882
0.	11.993198832860857
0.	-11.92327379046449
0.	-11.923273790464453
0.	10.727028547697904
0.	10.727028547697847
0.	9.999999999999996
0.	-9.821469092588593
0.	-9.821469092588579
0.	-8.735749461132407
0.	-8.735749461132396
0.	-6.337150910201384
0.	5.325124415282097
0.	-1.8254420975014678
0.	-1.825442097501451
0.	1.1088896869495262
0.	1.1088896869495246
0.3141592653589793	69.87759784401374
0.3141592653589793	62.53689608417842
0.3141592653589793	60.95197101273562
0.3141592653589793	57.73088175840204
0.3141592653589793	54.82482864922095
0.3141592653589793	50.34017107662212
0.3141592653589793	50.29602882358646
0.3141592653589793	46.58100031486495
0.3141592653589793	43.89354862457131
0.3141592653589793	41.30119212827981
0.3141592653589793	39.03762427519264
0.3141592653589793	37.27697163234603
0.3141592653589793	-33.82473112183866
0.3141592653589793	31.80299860393006
0.3141592653589793	31.312143955767496
0.3141592653589793	30.568938703701633
0.3141592653589793	-29.67675439049056
0.3141592653589793	27.96635266026929
0.3141592653589793	-27.586189409298086
0.3141592653589793	25.76502691213708
0.3141592653589793	-23.98911551801421
0.3141592653589793	-23.348374537558716
0.3141592653589793	22.889219254908138
0.3141592653589793	-22.200961605755687
0.3141592653589793	-21.788002996419742
0.3141592653589793	-21.107781286610436
0.3141592653589793	-20.805136190824157
0.3141592653589793	20.43822653585851
0.3141592653589793	19.724987517615187
0.3141592653589793	-18.502316584382786
0.3141592653589793	-17.90527348743464
0.3141592653589793	-17.610407227228865
0.3141592653589793	17.60974252907291
0.3141592653589793	17.478332376856155
0.3141592653589793	-17.220272886832333
0.3141592653589793	-16.27222693161719
0.3141592653589793	-15.671640469358884
0.3141592653589793	15.644947025897025
0.3141592653589793	-15.348643401404283
0.3141592653589793	-14.220746906212769
0.3141592653589793	13.570211335744936
0.3141592653589793	-12.764687824494658
0.3141592653589793	-12.11070419340621
0.3141592653589793	12.069036011616163
0.3141592653589793	11.171977329055238
0.3141592653589793	-11.027847646811853
0.3141592653589793	-10.664618181468636
0.3141592653589793	10.456198650556843
0.3141592653589793	7.852305530045555
0.3141592653589793	-7.7000835761001305
0.3141592653589793	6.917698950031074
0.3141592653589793	-6.1262610607026105
0.3141592653589793	-5.592007223399822
0.3141592653589793	4.891733544055711
0.3141592653589793	-4.495640748901941
0.3141592653589793	3.976280188664475
0.3141592653589793	-3.1813796131226226
0.3141592653589793	-0.5336576904511937
0.6283185307179586	69.52236347957077
0.6283185307179586	61.595812899495265
0.6283185307179586	60.852532578141144
0.6283185307179586	56.29574839432288
0.6283185307179586	55.407267527102356
0.6283185307179586	49.19306700574543
0.6283185307179586	48.75318131626607
0.6283185307179586	47.65624685335507
0.6283185307179586	44.177601260530075
0.6283185307179586	39.878978494919856
0.6283185307179586	38.63826425703336
0.6283185307179586	37.83402728614758
0.6283185307179586	-36.19253730692249
0.6283185307179586	-34.04171611522525
0.6283185307179586	32.208372943371465
0.6283185307179586	30.73131915799788
0.6283185307179586	-29.819659216033074
0.6283185307179586	29.39554006878609
0.6283185307179586	-27.760998376640792
0.6283185307179586	27.483523810855125
0.6283185307179586	-24.66714846998494
0.6283185307179586	24.49338250277613
0.6283185307179586	23.86548115285389
0.6283185307179586	22.344229835197012
0.6283185307179586	-21.85369613305876
0.6283185307179586	-21.235561226678737
0.6283185307179586	20.999228632011558
0.6283185307179586	-20.119030145726313
0.6283185307179586	19.03382266224976
0.6283185307179586	-18.739715124883944
0.6283185307179586	-17.756380293239697
0.6283185307179586	-17.412640346873637
0.6283185307179586	-15.814210131614448
0.6283185307179586	15.714861327157017
0.6283185307179586	-15.533267840659494
0.6283185307179586	14.551404392062876
0.6283185307179586	-14.381785135651832
0.6283185307179586	13.693010601103573
0.6283185307179586	-13.098010154502447
0.6283185307179586	-12.257501252536306
0.6283185307179586	-12.25607736568463
0.6283185307179586	-12.144957283158323
0.6283185307179586	11.7591312881629
0.6283185307179586	11.742252832464782
0.6283185307179586	-11.521018112193083
0.6283185307179586	11.229232685222394
0.6283185307179586	-11.174220570976194
0.6283185307179586	-11.170333639768106
0.6283185307179586	10.721382556449456
0.6283185307179586	-8.518729080093784
0.6283185307179586	6.177637812801343
0.6283185307179586	-5.551876127623451
0.6283185307179586	-4.938217794928185
0.6283185307179586	3.5142379057769553
0.6283185307179586	-1.9541887386519363
0.6283185307179586	1.3003028316974792
0.6283185307179586	0.5316988104492637
0.6283185307179586	0.18191356804943762
0.9424777960769379	68.96948158734864
0.9424777960769379	61.15441240313345
0.9424777960769379	58.71121483650205
0.9424777960769379	57.12433168192739
0.9424777960769379	52.88340046388594
0.9424777960769379	52.719725545460754
0.9424777960769379	50.33042581904492
0.9424777960769379	45.07107261807782
0.9424777960769379	43.2508938275796
0.9424777960769379	42.10052248778824
0.9424777960769379	-40.63965058309331
0.9424777960769379	37.42671275254993
0.9424777960769379	-36.429478682623184
0.9424777960769379	36.263750945601316
0.9424777960769379	-34.304809702731546
0.9424777960769379	34.13506694693013
0.9424777960769379	33.328655075991804
0.9424777960769379	31.086080165756627
0.9424777960769379	-30.323944696606354
0.9424777960769379	-27.781563169149308
0.9424777960769379	27.473102872930014
0.9424777960769379	-25.760454077193838
0.9424777960769379	25.511774589646194
0.9424777960769379	25.046215404338184
0.9424777960769379	-22.70852141464314
0.9424777960769379	20.78576808972374
0.9424777960769379	19.748072940912323
0.9424777960769379	-19.083554737200437
0.9424777960769379	18.202835543607037
0.9424777960769379	18.008145939831017
0.9424777960769379	17.75527193729463
0.9424777960769379	-17.725483338853078
0.9424777960769379	-17.136985699475083
0.9424777960769379	-16.065580214179473
0.9424777960769379	-14.723230455360664
0.9424777960769379	14.25719792015046
0.9424777960769379	13.659045145563425
0.9424777960769379	-13.40891751320757
0.9424777960769379	13.129196678275179
0.9424777960769379	-12.409424604697186
0.9424777960769379	12.155168769357644
0.9424777960769379	-11.575531610599077
0.9424777960769379	-10.27487698541049
0.9424777960769379	-9.193525696552534
0.9424777960769379	-8.785449564731174
0.9424777960769379	8.105114970966234
0.9424777960769379	-7.466404438950242
0.9424777960769379	7.353922772271368
0.9424777960769379	6.950384681768121
0.9424777960769379	-6.476754144785573
0.9424777960769379	-5.803952953577197
0.9424777960769379	-5.792389505390338
0.9424777960769379	-5.409811309893328
0.9424777960769379	4.758158029108245
0.9424777960769379	-1.9405639336870326
0.9424777960769379	1.7148226071236223
0.9424777960769379	1.072043308048677
1.2566370614359172	68.27256973584953
1.2566370614359172	59.4927943721187
1.2566370614359172	57.19453159434605
1.2566370614359172	56.32730949326248
1.2566370614359172	51.25953727223667
1.2566370614359172	50.3976807925451
1.2566370614359172	46.90429320380996
1.2566370614359172	-46.599396827009365
1.2566370614359172	43.72573164853211
1.2566370614359172	42.76582011146935
1.2566370614359172	-40.996769234704644
1.2566370614359172	39.738020112853185
1.2566370614359172	-36.9564869673913
1.2566370614359172	36.58545963477792
1.2566370614359172	35.54369757801764
1.2566370614359172	-34.47401762830727
1.2566370614359172	34.36896921255789
1.2566370614359172	-32.379516304847215
1.2566370614359172	30.766844652419607
1.2566370614359172	-28.448008505550085
1.2566370614359172	27.583227875765328
1.2566370614359172	27.5105515930741
1.2566370614359172	26.16942140432326
1.2566370614359172	24.384679296373932
1.2566370614359172	-23.733367733069148
1.2566370614359172	-23.177922377011217
1.2566370614359172	-21.760101880754856
1.2566370614359172	20.78698022829839
1.2566370614359172	19.604810886457358
1.2566370614359172	19.219485108576208
1.2566370614359172	-18.76741220436717
1.2566370614359172	15.958875775595066
1.2566370614359172	15.270574625316836
1.2566370614359172	-15.187073459120871
1.2566370614359172	14.803137965972246
1.2566370614359172	14.062419654223342
1.2566370614359172	13.780319363523224
1.2566370614359172	13.561506585753989
1.2566370614359172	-11.982982669697172
1.2566370614359172	11.779578231818768
1.2566370614359172	-11.581049428221036
1.2566370614359172	-11.43388946965153
1.2566370614359172	-10.427342279283728
1.2566370614359172	-9.150820148772503
1.2566370614359172	8.623326873244636
1.2566370614359172	-7.883396757228603
1.2566370614359172	-6.921549657590646
1.2566370614359172	-6.393434885709372
1.2566370614359172	-5.32363711863573
1.2566370614359172	4.81252163579876
1.2566370614359172	-3.906328107343666
1.2566370614359172	-2.300050875952344
1.2566370614359172	1.388475230592857
1.2566370614359172	0.9312562437779531
1.2566370614359172	-0.8925833212064092
1.2566370614359172	0.7453038988314873
1.2566370614359172	0.17708606181334957
1.5707963267948966	67.50000298514578
1.5707963267948966	57.3405240257256
1.5707963267948966	56.65389023698749
1.5707963267948966	53.95006193666605
1.5707963267948966	51.42138688500209
1.5707963267948966	48.177345716144
1.5707963267948966	-47.06296100900336
1.5707963267948966	44.69494321729415
1.5707963267948966	-43.74277390031005
1.5707963267948966	43.6822296664445
1.5707963267948966	40.93515951655216
1.5707963267948966	40.31727751112979
1.5707963267948966	-39.15423497470184
1.5707963267948966	37.15783786104498
1.5707963267948966	-35.15660462147013
1.5707963267948966	33.2014026955371
1.5707963267948966	33.089495554960465
1.5707963267948966	-30.487694784779507
1.5707963267948966	29.92577531271958
1.5707963267948966	29.735859764238583
1.5707963267948966	-29.01773767406036
1.5707963267948966	-28.430042882554048
1.5707963267948966	25.54726220584749
1.5707963267948966	24.853539772368734
1.5707963267948966	-24.561358678044495
1.5707963267948966	23.211523750677074
1.5707963267948966	22.108076177438107
1.5707963267948966	20.8258528222416
1.5707963267948966	19.446282302624795
1.5707963267948966	-19.35882192193343
1.5707963267948966	18.40900888122175
1.5707963267948966	18.376763113761534
1.5707963267948966	-18.048224666965737
1.5707963267948966	-16.136652862739467
1.5707963267948966	16.091049581938535
1.5707963267948966	15.84296337735217
1.5707963267948966	15.06204938456085
1.5707963267948966	-13.50081095091857
1.5707963267948966	-13.22648064419436
1.5707963267948966	10.95094669544919
1.5707963267948966	-9.72238137799409
1.5707963267948966	8.574760699190465
1.5707963267948966	8.031191677689204
1.5707963267948966	7.156029612830871
1.5707963267948966	-6.165190667266985
1.5707963267948966	5.948464726488756
1.5707963267948966	-5.1665201814335475
1.5707963267948966	-4.668798068319013
1.5707963267948966	4.368755125904499
1.5707963267948966	-3.751360764181129
1.5707963267948966	-3.137678328785152
1.5707963267948966	-2.5769332836023007
1.5707963267948966	2.542116669804285
1.5707963267948966	-1.4024924053053738
1.5707963267948966	-0.532655174499105
1.5707963267948966	-0.11412456064171786
1.5707963267948966	-0.007295079278360545
1.8849555921538759	66.72745735868483
1.8849555921538759	55.28425024923377
1.8849555921538759	55.106169308035696
1.8849555921538759	51.812509189233644
1.8849555921538759	50.984335693213175
1.8849555921538759	-49.91530030719209
1.8849555921538759	46.42151173537247
1.8849555921538759	-45.3175207438475
1.8849555921538759	45.28467284920739
1.8849555921538759	44.88552261858421
1.8849555921538759	-42.02599491931743
1.8849555921538759	39.7212642737862
1.8849555921538759	38.1071981783003
1.8849555921538759	37.233865524331016
1.8849555921538759	-35.81723971843681
1.8849555921538759	-35.26670594859489
1.8849555921538759	33.68679685172554
1.8849555921538759	32.48667837299083
1.8849555921538759	-31.321641034484646
1.8849555921538759	31.28214071891227
1.8849555921538759	27.945920996035078
1.8849555921538759	26.562397893396046
1.8849555921538759	25.600059368207873
1.8849555921538759	-25.25484387408721
1.8849555921538759	25.25107339125208
1.8849555921538759	-24.83686935464788
1.8849555921538759	23.948986682545378
1.8849555921538759	-22.82477967591811
1.8849555921538759	20.64525000059006
1.8849555921538759	20.39146812082878
1.8849555921538759	20.264654773776492
1.8849555921538759	-19.036434009625886
1.8849555921538759	18.05661841443942
1.8849555921538759	17.878665010574686
1.8849555921538759	-17.785803043339037
1.8849555921538759	15.4541094245698
1.8849555921538759	14.796267161656523
1.8849555921538759	-13.927671666205496
1.8849555921538759	13.750666468786095
1.8849555921538759	12.322100902358905
1.8849555921538759	-11.264248231723172
1.8849555921538759	10.42062751370279
1.8849555921538759	-9.431113738645609
1.8849555921538759	-8.148196046284689
1.8849555921538759	-6.631658418783864
1.8849555921538759	6.254808804932786
1.8849555921538759	6.0476742155972545
1.8849555921538759	5.355085198449268
1.8849555921538759	5.161117220675841
1.8849555921538759	4.334545214639988
1.8849555921538759	3.3061177979628407
1.8849555921538759	-3.242910915551846
1.8849555921538759	3.160787523169958
1.8849555921538759	2.506406366543999
1.8849555921538759	-2.5026744609807396
1.8849555921538759	2.074118551487686
1.8849555921538759	0.2180460573749059
2.199114857512855	66.03053684506173
2.199114857512855	-54.80863173778738
2.199114857512855	53.40119274241787
2.199114857512855	53.058104032588794
2.199114857512855	50.12042407729656
2.199114857512855	50.064982761959335
2.199114857512855	-48.29568231521133
2.199114857512855	45.28015038272923
2.199114857512855	44.44680510572977
2.199114857512855	-42.781879236386004
2.199114857512855	-41.509579391202976
2.199114857512855	39.195831670372144
2.199114857512855	38.92993425647439
2.199114857512855	38.26651691281861
2.199114857512855	-38.25329946028651
2.199114857512855	32.535192962299625
2.199114857512855	32.16043492625688
2.199114857512855	32.15518365632319
2.199114857512855	-32.107180089049784
2.199114857512855	30.63083793888532
2.199114857512855	-29.695573180390962
2.199114857512855	27.689839335766695
2.199114857512855	26.679694465424966
2.199114857512855	26.27771795649594
2.199114857512855	-25.815525327567624
2.199114857512855	-23.770204505326117
2.199114857512855	22.53118851312305
2.199114857512855	21.881898044014072
2.199114857512855	21.343008838659237
2.199114857512855	20.53497676622947
2.199114857512855	20.1379980058611
2.199114857512855	19.86287515539162
2.199114857512855	-19.84140459084096
2.199114857512855	19.249338437840045
2.199114857512855	-18.056222750741444
2.199114857512855	17.44643241085339
2.199114857512855	-16.1000783220407
2.199114857512855	-12.469430604193867
2.199114857512855	-12.41289839915607
2.199114857512855	12.008549090274471
2.199114857512855	11.645187595308208
2.199114857512855	11.47341944731382
2.199114857512855	10.865475605553208
2.199114857512855	10.037505974212197
2.199114857512855	9.66060029752116
2.199114857512855	9.389686988281575
2.199114857512855	9.039529221412508
2.199114857512855	8.379058781965348
2.199114857512855	-7.429150197174301
2.199114857512855	6.886681654191584
2.199114857512855	-4.601003144031736
2.199114857512855	-4.033045740930838
2.199114857512855	3.787724534110964
2.199114857512855	3.584167997730553
2.199114857512855	-2.2979210194426885
2.199114857512855	-1.7688661976819333
2.199114857512855	0.3577624947916149
2.5132741228718345	65.47745752514854
2.5132741228718345	-53.30170695553014
2.5132741228718345	51.528941728764984
2.5132741228718345	51.4201287305874
2.5132741228718345	-49.15835538016677
2.5132741228718345	49.032381313909326
2.5132741228718345	48.80721540272063
2.5132741228718345	44.83762050890613
2.5132741228718345	-44.60260524875956
2.5132741228718345	43.492477141805566
2.5132741228718345	39.34523405978919
2.5132741228718345	-39.134689271213574
2.5132741228718345	37.77551844735436
2.5132741228718345	-35.994529785996974
2.5132741228718345	34.13643069504599
2.5132741228718345	33.12948497699149
2.5132741228718345	-32.781445793805915
2.5132741228718345	32.34692086680376
2.5132741228718345	32.2277425221026
2.5132741228718345	-30.7024691888026
2.5132741228718345	27.479852686684882
2.5132741228718345	27.428126919310255
2.5132741228718345	-26.713605172280506
2.5132741228718345	25.601708714958804
2.5132741228718345	24.588645771162078
2.5132741228718345	23.803930320532352
2.5132741228718345	23.624532215843047
2.5132741228718345	-22.9735327295149
2.5132741228718345	22.9249945245015
2.5132741228718345	21.843814321045997
2.5132741228718345	21.741029216109766
2.5132741228718345	-19.173055085277923
2.5132741228718345	-18.473763846870334
2.5132741228718345	17.611081620026948
2.5132741228718345	16.67045941720407
2.5132741228718345	16.289711523800737
2.5132741228718345	15.737435536492768
2.5132741228718345	15.540839073954885
2.5132741228718345	15.284624018914812
2.5132741228718345	15.0372606625737
2.5132741228718345	14.818720903182438
2.5132741228718345	-13.315627198013289
2.5132741228718345	13.087206090027024
2.5132741228718345	-10.79796841024305
2.5132741228718345	10.373723372518853
2.5132741228718345	10.031838957078676
2.5132741228718345	-9.008459354255592
2.5132741228718345	8.9249903726799
2.5132741228718345	-8.909845539397622
2.5132741228718345	7.025791427030178
2.5132741228718345	-6.073736611627053
2.5132741228718345	-5.347984829620287
2.5132741228718345	4.96714909616817
2.5132741228718345	4.553157323206977
2.5132741228718345	2.939187805941053
2.5132741228718345	1.6818996793346699
2.5132741228718345	-0.5255452013393977
2.827433388230814	65.12235871203734
2.827433388230814	-54.2841446858582
2.827433388230814	50.36438614371105
2.827433388230814	49.985300414392604
2.827433388230814	-49.70702886069232
2.827433388230814	48.64447860539166
2.827433388230814	47.325612577388036
2.827433388230814	-45.5910160317939
2.827433388230814	45.10062802420199
2.827433388230814	42.31504132095521
2.827433388230814	40.05764646643677
2.827433388230814	-39.186677374969904
2.827433388230814	-37.815268993023246
2.827433388230814	36.731905553640395
2.827433388230814	34.13724829397102
2.827433388230814	-33.77586350411019
2.827433388230814	33.251781168019896
2.827433388230814	31.63470300756449
2.827433388230814	-29.302168731977932
2.827433388230814	28.9813357460807
2.827433388230814	27.60869980041982
2.827433388230814	27.367696066981782
2.827433388230814	26.265092340019685
2.827433388230814	-26.14138055855079
2.827433388230814	-25.427379603498462
2.827433388230814	25.29861145002918
2.827433388230814	24.392051220936303
2.827433388230814	23.256617655917843
2.827433388230814	22.937653338920114
2.827433388230814	20.96085141364066
2.827433388230814	20.644786807488988
2.827433388230814	-20.16966930767078
2.827433388230814	19.86404164729445
2.827433388230814	19.730016131729734
2.827433388230814	19.53420838901596
2.827433388230814	19.416823494182715
2.827433388230814	18.006945406228155
2.827433388230814	16.49290131686653
2.827433388230814	-15.754858673470181
2.827433388230814	15.446661708037205
2.827433388230814	15.35939969380264
2.827433388230814	-15.076334102531177
2.827433388230814	12.652833698790388
2.827433388230814	-12.052935289918116
2.827433388230814	-12.050705056673154
2.827433388230814	11.324084807071713
2.827433388230814	10.412044507440378
2.827433388230814	8.947410626825366
2.827433388230814	8.331733395750511
2.827433388230814	6.743778160314046
2.827433388230814	-6.337507805260024
2.827433388230814	6.058593295138799
2.827433388230814	-3.7736100949779043
2.827433388230814	-2.71274625910187
2.827433388230814	-1.9677488764298303
2.827433388230814	1.440378611031326
2.827433388230814	0.7364078386917751
3.141592653589793	64.99999999795352
3.141592653589793	-57.63842471408205
3.141592653589793	-50.81523625285751
3.141592653589793	50.000000000000085
3.141592653589793	48.9800853166089
3.141592653589793	48.98008531660888
3.141592653589793	45.989362058814585
3.141592653589793	45.98936205881456
3.141592653589793	-44.36977127740165
3.141592653589793	-44.36977127740163
3.141592653589793	41.122550703365924
3.141592653589793	41.12255070336588
3.141592653589793	-40.288222655477995
3.141592653589793	35.420441097382366
3.141592653589793	35.42044109738233
3.141592653589793	-32.575766446046885
3.141592653589793	-32.57576644604686
3.141592653589793	30.463587671023404
3.141592653589793	30.463587671023365
3.141592653589793	-27.23453113203618
3.141592653589793	26.776482405751256
3.141592653589793	26.776482405751207
3.141592653589793	26.63083107762382
3.141592653589793	26.63083107762378
3.141592653589793	24.165893445028427
3.141592653589793	24.16589344502842
3.141592653589793	23.34572849596475
3.141592653589793	-22.087855504410523
3.141592653589793	-22.087855504410463
3.141592653589793	21.564814363394813
3.141592653589793	21.564814363394753
3.141592653589793	21.508203229611965
3.141592653589793	21.508203229611937
3.141592653589793	21.317113260399463
3.141592653589793	21.31711326039939
3.141592653589793	-18.989729880842237
3.141592653589793	-18.989729880842216
3.141592653589793	18.80906191192382
3.141592653589793	16.54668634333666
3.141592653589793	16.546686343336624
3.141592653589793	14.604439231961804
3.141592653589793	14.604439231961795
3.141592653589793	13.32409027574428
3.141592653589793	13.324090275744254
3.141592653589793	-13.134398921814814
3.141592653589793	11.589324330092836
3.141592653589793	-8.758279942808569
3.141592653589793	-8.75827994280855
3.141592653589793	-8.57321514969869
3.141592653589793	7.228029457878987
3.141592653589793	7.228029457878986
3.141592653589793	-5.170075510306685
3.141592653589793	-5.170075510306671
3.141592653589793	4.007724866575545
3.141592653589793	4.007724866575536
3.141592653589793	2.301143757314636
3.141592653589793	2.3011437573146005
3.141592653589793	0.3666989403333719

